Weka RandomForest Accuracy (%) - incl. XLM-R
Weka 3.8.7 | numIterations=100, maxDepth=unlimited, bagSizePercent=100,
             numFeatures=int(log(#predictors)+1), seed=1
==================================================================================================================================================================================================================

Model     |                               TGL                                |                               BCL                                |                               CEB                                |
----------+------------------------------------------------------------------+------------------------------------------------------------------+------------------------------------------------------------------+
          |       TRADTRAD+CrossNGO      mBERT      XLM-R ALL(mBERT) ALL(XLM-R)|       TRADTRAD+CrossNGO      mBERT      XLM-R ALL(mBERT) ALL(XLM-R)|       TRADTRAD+CrossNGO      mBERT      XLM-R ALL(mBERT) ALL(XLM-R)|
----------+------------------------------------------------------------------+------------------------------------------------------------------+------------------------------------------------------------------+
TGL       |     54.717     58.491     47.170     50.943     56.604     47.170|     43.333     40.000     30.000     26.667     33.333     30.000|     48.571     48.571     32.857     30.000     44.286     38.571|
BCL       |     50.943     50.943     30.189     26.415     41.509     26.415|     66.667     66.667     63.333     73.333     66.667     70.000|     67.143     67.143     61.429     64.286     61.429     65.714|
CEB       |     60.377     58.491     45.283     33.962     43.396     47.170|     46.667     43.333     50.000     53.333     36.667     56.667|     78.571     78.571     77.143     72.857     78.571     78.571|
----------+------------------------------------------------------------------+------------------------------------------------------------------+------------------------------------------------------------------+
TGL+BCL   |     50.943     58.491     49.057     56.604     62.264     54.717|     63.333     63.333     60.000     70.000     63.333     66.667|     62.857     64.286     67.143     70.000     70.000     67.143|
BCL+CEB   |     45.283     45.283     47.170     32.075     47.170     49.057|     63.333     63.333     63.333     73.333     60.000     63.333|     81.429     77.143     74.286     81.429     75.714     75.714|
CEB+TGL   |     62.264     60.377     52.830     47.170     54.717     56.604|     53.333     43.333     40.000     46.667     50.000     50.000|     81.429     80.000     81.429     77.143     77.143     80.000|
----------+------------------------------------------------------------------+------------------------------------------------------------------+------------------------------------------------------------------+
ALL       |     62.264     56.604     43.396     56.604     50.943     58.491|     70.000     66.667     60.000     66.667     66.667     63.333|     81.429     84.286     74.286     72.857     80.000     75.714|
==================================================================================================================================================================================================================
